mean1 : 5.59329494238
mean2 : -7.66271577781e-15
max-min1 : 5.61281764914 - 5.55432844037
max-min2 : 0.0195227067587 - -0.0389665020113
lenTotal : 408
lenGT : 0
percent : 0.0
